2.303010680558564
2.303720287386677
2.300077093137269
2.3002303537596513
2.301051421841151
2.2950905364254
2.295492795911909
2.306948871451061
2.2895563511754586
2.2822003986703887
2.3015755973179437
2.2789484285157813
2.313340462108854
2.310463972383819
2.291046382266447
2.303017521798415
2.280836276730103
2.266068341640325
2.2393029291263016
2.2771385501462564
2.280389569076504
2.2724001337116624
2.3062490594012566
2.2651027931473395
2.280271686520021
2.279746239053956
2.2668925999651384
2.3576244499479038
2.2298585618574664
2.2939666200396007
2.2633352930690624
2.324115370544578
2.2729883537854216
2.2514990627130302
2.258806744201052
2.2520270318338342
2.297117731615243
2.294430809601403
2.2893674470204513
2.2954972104842186
2.2737537161945434
2.279156444064714
2.2498040390640277
2.2358154640141215
2.2448797442678794
2.2697203162288915
2.2782742461883405
2.274494762673036
2.2725638675556943
2.254465093000834
2.2618676091411825
2.2683410017929986
2.255264874643373
2.266038812399647
2.253689297085179
2.2645801179229075
2.248614227128054
2.2393282324258403
2.226773818687156
2.2132682952787643
2.2398651040031385
2.207167922870311
2.2166340163678844
2.22300239123947
2.2048551739328532
2.2232145775895034
2.2136926873221006
2.2295876146307934
2.248602070575171
2.18862267945491
2.194399459661207
2.209379680336275
2.198848679959143
2.1776871315901265
2.2065825878733913
2.191329631285438
2.1109038107209765
2.196936600917635
2.138567062384316
2.219407644931782
2.123981737437764
2.178300940496822
2.127530780060665
2.153687851862062
2.152300660298922
2.1047148473469295
2.042441554529348
2.166464171927829
2.0290782054229632
2.120121037884682
2.155120440880302
2.1794531498217316
2.1261105559978906
2.0969989822261597
2.08501742490103
2.083340111724175
2.0298901964675675
2.099238576031067
2.008271787166728
2.041040606239288
2.079995616243475
2.1156649397625094
2.0320350370699183
2.0303598478447453
1.9898910301534547
2.048561121240989
2.043997844411294
1.94152175911685
1.976156247918089
1.997717946915368
1.890198936613761
1.9829493139567103
1.8700532731201296
1.963193075688328
1.9301824935836098
1.8996522446853286
1.9106326404202647
1.8734009659058999
1.8369052593986566
1.834254577511482
1.79345299514319
1.7420763062504807
1.8384953424591632
1.795064898154815
1.860464690964555
1.7990552672498472
1.6808936650237465
1.7469534606020636
1.691390639497928
1.6994213470664592
1.670886048029452
1.6155276305089015
1.705086061926306
1.5769827099926954
1.63249512339826
1.6277285117888969
1.5497646066549557
1.5468556350488079
1.6224797792100765
1.4878220110780165
1.4910014168608583
1.455657310389694
1.443035660023839
1.3855772300703457
1.4671614116804512
1.340080332748888
1.3761363449307753
1.2641814803793212
1.4768884071915471
1.3786465377532295
1.328606321818583
1.1941668090254207
1.3885642768944697
1.3267802014398777
1.180053015306308
1.2570021505310407
1.1730395549176622
1.3080896658400951
1.2450630236429014
1.193575752004614
1.1360569524402166
1.1159998459342881
1.0998384198120958
1.1283090651804173
1.134449870036622
1.1140121821093205
1.085318072191384
1.0499772653746382
1.0648564187888254
1.0200694090214661
1.0514562117304838
1.031211604301254
0.9650933423599121
0.9524073469155181
0.9761878355455057
1.0453635903336644
0.9384570405797674
0.881772410222345
0.7683944555906171
0.8758018085020213
0.9063916357040412
1.0298093763511316
0.8232845260853265
0.9027999714861014
0.9400258313231719
0.8447887190703431
0.9602818711158073
0.9444500727078797
0.8418699944411305
0.8638440496819425
0.732211343555494
0.7790838990096698
0.7675074069492812
0.8676720223631205
0.7300432191818981
0.7882974156262308
0.7337675920338242
0.7500047757615522
0.6854098824400896
0.7070735319304948
0.7604359797781376
0.6498951140581453
0.6082237171045173
0.739196102023442
0.6874658109908922
0.6910191125800556
0.7378722594753132
0.8425854303382657
0.6328254992175707
0.6980668866254076
0.5979401215990438
0.730249107344276
0.7395601039299992
0.6511345331447852
0.7023966948909763
0.753155223854325
0.6014239607970464
0.6397800677704716
0.6693910653559226
0.6350418458110433
0.6161905236806269
0.5729886335249625
0.6583874107109361
0.5967885154794306
0.6186495917815606
0.6781548018968118
0.6639016011841001
0.498286685562202
0.6403274047469603
0.6220380248688556
0.5604483354786999
0.4600437034018958
0.5552516166810834
0.6029856546787267
0.5100312083267808
0.513019353957828
0.7262382184856415
0.7439833785622092
0.6020343088830284
0.502822487807147
0.5117335588700257
0.5022472255056942
0.4709189349358993
0.4818090417039455
0.5966906743636132
0.5698399919771056
0.5437278852391397
0.45757138272008263
0.5120192324578343
0.5509184346088023
0.5976704743683297
0.5983574330724256
0.6172524124764621
0.4778435554235731
0.5012083079389474
0.5037681807814554
0.5139508766372901
0.5174795019180042
0.5662798738458829
0.45208492122539495
0.43944580126433375
0.5591678814305796
0.5052089032159188
0.48280722277012633
0.5339145699119032
0.4961335635534798
0.540912326140656
0.4865316042880419
0.5137776452509896
0.4329053377849443
0.6945132195627761
0.5744301170089602
0.4401105543028562
0.5218596684789065
0.5119059245904224
0.6204879663360792
0.4502890360162926
0.5438084545949489
0.47955004519225264
0.5299004188487857
0.7450505699720563
0.5870820219937019
0.5137861185308945
0.416360444074925
0.40951049984176985
0.37199081969902886
0.3689112433173029
0.3948403272748293
0.5278610199586129
0.5856787546426049
0.6176146496933456
0.46597341992464636
0.3797113359930535
0.39639254605219365
0.49215315677749283
0.49148062890481725
0.550973183801005
0.4369664745944921
0.36109086359870735
0.42399777803539396
0.41800120827608533
0.4846617177385299
0.35850295445954056
0.404645012751333
0.4119649187696633
0.45265809856617983
0.6399775803635547
0.45908269420021286
0.4595719940502657
0.4159940247995486
0.4198218871494626
0.31966651160128534
0.6720216623960311
0.4867635069832413
0.48637789613807664
0.4609133217537865
0.3917384043775193
0.5439510841101682
0.49261870669185526
0.4426771530796567
0.5077961799386269
0.39393024237128055
0.492297792540186
0.4128990874656808
0.5504103460233005
0.35692553132462435
0.4320077973103167
0.49481738079042176
0.4766008756322296
0.3716748744503399
0.4584124882764474
0.35275754617216387
0.4344088869291721
0.420235259626631
0.465283008111633
0.28942603066078293
0.5534544397801978
0.4007447170788254
0.38274586065972677
0.4988719203047971
0.43966722701908445
0.41713165807956093
0.3930714600184681
0.34863910815065574
0.40796759650449027
0.43831356520935677
0.5345207244793653
0.4301182960061463
0.341404946593846
0.4715405846049091
0.46224774006017993
0.3148662505647002
0.3905546227045452
0.5350983137914439
0.41503597011037824
0.38980406789658145
0.33822080656215503
0.3606113111544363
0.47757794494853134
0.4786346579082777
0.35726425209146007
0.4339913442062744
0.30577157577813546
0.36830578920869245
0.3477792884519538
0.36550880114892725
0.39858847166734757
0.4022822223854567
0.44970832329384214
0.38097171717119843
0.4159043689241009
0.4361935807174038
0.45905366971112826
0.4289796845632543
0.37795241978762073
0.31157614499558595
0.3872233294665676
0.5128928272162728
0.3840349063786796
0.413261484136967
0.347887207829191
0.47661891890082186
0.37602890769994846
0.26027311155728705
0.40343246695020796
0.43003562832611036
0.3111672704114928
0.33360890635245755
0.42828567411549456
0.3779377917086121
0.37977060051152817
0.31773617133901066
0.378895836255521
0.4997751717041309
0.4829607498142841
0.42910197455581844
0.30986129525501754
0.35707496117681786
0.40951693521365107
0.4383498710224922
0.3426250730006741
0.3470200307238547
0.397704454569785
0.358610802586453
0.4359124383053759
0.3180610753956564
0.2704138048659278
0.27232997278410226
0.503283926944856
0.3751105831649291
0.4589489732540018
0.41262910786449614
0.40921254213219677
0.2713154864664637
0.2687252053934037
0.35910838392307015
0.32264156715561376
0.25934464673405994
0.34072357225913485
0.37528918021547175
0.4304154023498418
0.3152920866008673
0.41601453022547913
0.3917466088073846
0.368168665417456
0.3610688492538948
0.2961061014204696
0.25330394592211564
0.24244971631979656
0.301947233033727
0.3057469473411097
0.3852883824430333
0.3932455862049029
0.5945934794274822
0.35257408824106967
0.3667659243301084
0.24461065368531223
0.5160575951924837
0.3001932092889713
0.2552618181290689
0.24538783882792192
0.30790453774662346
0.32386556083774537
0.48143770743973485
0.40823566723070626
0.2907414446653283
0.3448878906221154
0.4177896444783211
0.35488385048497384
0.3063833345140264
0.2766927892315292
0.34609819803164704
0.4222847358906487
0.2479796484149694
0.3881820050355437
0.2253460423989534
0.312151582655464
0.4714347539217447
0.4416204811890859
0.38246856059474377
0.2684265372481605
0.3974450935905902
0.4060425112193093
0.24271202844108372
0.3120400401706191
0.36286142375230573
0.30025740582234955
0.3405583340087109
0.4139180064965412
0.31978235605024136
0.5045330586433979
0.33362466773602195
0.36766996670087615
0.2935983790385459
0.4408943857708307
0.1888513985365525
0.4557207638883592
0.2871864126820538
0.2672298431709094
0.3472643349129996
0.34773776005463325
0.41504722540097044
0.43271794393065344
0.28366173553184054
0.2962347834322991
0.2893021859987311
0.27525610567051445
0.5531591027683843
0.2642087645093348
0.31105907278575207
0.3379422087941761
0.3805138333323958
0.4522136162327722
0.39379248218431
0.2891107618045923
0.27767366222526124
0.5196015298427907
0.21735414586396273
0.3996605445101353
0.3097568426655796
0.2335607752566528
0.27647113256372774
0.5476793514823183
0.27686026805867014
0.34645129373561157
0.39049913191115804
0.3159203604430645
0.4477308554062728
0.3066343525925251
0.21642146841815335
0.24807734956545724
0.4154984582952022
0.4130294741867134
0.40844318323487555
0.2582590533264859
0.29079820863035866
0.30119730185080007
0.3913064199640358
0.2930980530149015
0.2996842094058566
0.27762395896864883
0.30367662490079456
0.3771773298038361
0.5671883089263416
0.19910316898514993
0.3841904703696965
0.31558788517693925
0.41744571880992093
0.3246506674626751
0.35686277519902704
0.3831446516361778
0.27978684924516445
0.3227256690817955
0.3677254920982926
0.23953146965208752
0.30750330067238285
0.3523617699598747
0.2969454308944471
0.30832740612992604
0.32395100987939335
0.3344703391235182
0.36276062456030467
0.30901938577272703
0.34692380248908994
0.4489786580781962
0.21093793726767693
0.39068869718578414
0.27926754427162953
0.20239696661557338
0.5116885007401478
0.4558051515606485
0.236764074252637
0.4825862581886936
0.29186612362238995
0.2550746919341112
0.22227406922966497
0.3483246346334133
0.1993202222143331
0.3635038847090003
0.2759177039753059
0.5159604644958067
0.36510154275716544
0.3530372952935224
0.3542360098193979
0.23679556447020694
0.26058661606476996
0.3893424926973416
0.26034970084712
0.310593632233287
0.1681014719531792
0.249411703609469
0.223160369185813
0.3290882128852675
0.411014306319802
0.3081064863254129
0.33883996004419126
0.2528985043401965
0.2874995218432484
0.29259761990313155
0.2820330388362903
0.29085333264007046
0.2582274971333375
0.21341160934178394
0.34614665908633957
0.3324596650707486
0.24972636502688533
0.30376095869755104
0.3361884119845399
0.20881459651141354
0.3750566638559375
0.2727257665707533
0.3277381251680432
0.2074409845128693
0.3210523858005907
0.3158501577101544
0.3822076933775952
0.2616384830320176
0.3896038190959264
0.3649021356554931
0.15319286788716474
0.22412373048392115
0.32646818765852426
0.4115966017670298
0.3430245650101971
0.28154251805027125
0.28515983732139616
0.2703491852051708
0.2536681562351851
0.2887836843333579
0.3121764969480541
0.3314058023814584
0.23849455673367326
0.32231621657810067
0.29975669534803484
0.2520758388748573
0.2790886650351547
0.29755171103283157
0.2856537401830936
0.2567747348605273
0.3045268665521327
0.2707493580720328
0.1808808226964365
0.3110762199904852
0.317394442201277
0.4182708699478579
0.30408040590707214
0.45910329722992216
0.1904585136248998
0.5166694062033836
0.2984249231314293
0.13537932634666533
0.31825611754102584
0.32534257626139684
0.22652263167738887
0.3587622729603146
0.1936952595412196
0.4151284226613512
0.21977503333635234
0.2426038442056878
0.3437815908973286
0.2626562916220201
0.21813859811307842
0.317995674126171
0.2557594814706029
0.3679910013099078
0.19432728428956916
0.3481952390933987
0.30583550301724255
0.28642795747693
0.2830836036111231
0.3344981942173477
0.21557893309791584
0.2606265796735963
0.37636370518314055
0.28883649921496163
0.24530855068671506
0.3833171820020759
0.35467125420786866
0.31357630643769363
0.18908278228839737
0.29555167723850484
0.20460081176682376
0.2617666733338392
0.21766433221413362
0.24946634946301816
0.2069205221340928
0.29293634856259454
0.41804014424940356
0.25768649718246733
0.3271239166285225
0.25049901817660025
0.26240276901785725
0.29211029679568623
0.2222906858414683
0.34830862485919156
0.2069492741435219
0.29986192679462426
0.25650063334438045
0.21066233102915027
0.20369974385295175
0.3605409488625315
0.19405862507771413
0.33831279919835844
0.2890906461901533
0.32050697228628416
0.26995576343321814
0.259348322449904
0.18594887404477337
0.46676705713963756
0.2760841373115533
0.23347725380992818
0.25562336156471166
0.40614188145199825
0.31217214863218723
0.19447888865456509
0.2684027080519307
0.41507977123280354
0.14729821852965372
0.3493099397330643
0.2518213245754752
0.2227917836231342
0.2816665802978461
0.34244903101762725
0.18621378117299867
0.28311813065868324
0.4236539894545465
0.36384974707554085
0.1948095823993118
0.2264315149777638
0.31620301414594776
0.402552520654326
0.3740132941541667
0.24868616016207515
0.2764002809308897
0.3274009923199124
0.47736728409672824
0.3147586675218788
0.275821511192871
0.19985949010194973
0.3687796534314968
0.44572015204303583
0.23402424794842347
0.3288721155393094
0.21906125364892903
0.3077794164720427
0.2748784983789296
0.38695855025133497
0.25958147812244425
0.2328745741706218
0.2548888299333325
0.29892142380687314
0.2882388948533174
0.1206573964450058
0.24574903597746867
0.2980300252262531
0.2525907696636844
0.2149097472978228
0.20678863994641555
0.3170528614080914
0.2674499852043165
0.21299456790426854
0.16510013348817643
0.29236821259982376
0.17513065739889944
0.2969096329452054
0.2341623449552521
0.2445061127102732
0.24767750473384711
0.2522404354150857
0.235308922616127
0.3715617884836003
0.2641823229285649
0.26368642635281425
0.24016887085468183
0.3011316820079018
0.35072764075921403
0.2037068912625853
0.31253770410909043
0.2613776940903916
0.3324049323067012
0.3270305123782182
0.23829996017664068
0.21274646386883347
0.19129349027063547
0.2825128265475659
0.27553226945522585
0.2892287632082352
0.2784242812591693
0.40931537905177223
0.3324729585884219
0.2979756151480378
0.3576917588494304
0.4046068499357441
0.3600146972181708
0.3132710972251584
0.28203942542464494
0.2906024682043327
0.23668680534848163
0.1946158662038741
0.40968915379077886
0.2467720318320551
0.15817371054491305
0.15102641063929542
0.35285067850144486
0.31509350112990137
0.20983620269115047
0.4378773525053712
0.17619099177438877
0.23905072332603652
0.21101789985495226
0.33176766410650915
0.3813561565079825
0.4402370296234319
0.29946321388915037
0.24780347393746585
0.23120840478295063
0.1591388087582315
0.3189572230715889
0.21684247230746867
0.20493821152232272
0.173328907571253
0.15712001166169515
0.3497342652257761
0.288958367975841
0.33280396922013644
0.18001712908331677
0.3366507805602911
0.2938320580305188
0.15894058790061122
0.2038305950213708
0.5270819020692776
0.17595890387784974
0.2860050720392091
0.3328149285256471
0.24049441412690936
0.1648350303954498
0.13482002296407125
0.25776439521345906
0.2847221554864578
0.4434572529589035
0.3164162264246643
0.2531018599455304
0.24295900915505494
0.312213436567394
0.4792776964797909
0.4874324077960607
0.2159565421160536
0.25249156427148284
0.3099733071539148
0.4368163480175033
0.25321257559903027
0.23009990253541354
0.1746118924338156
0.33906944365158753
0.26242126272218824
0.34299572626871777
0.28510715310482826
0.25241855686891107
0.19130758344860616
0.3473296092587768
0.24810331461189705
0.24596679608017097
0.2574264494890851
0.2374749061583617
0.23974270633351555
0.40649046122980154
0.3219143206805855
0.21769852082503088
0.2956171726741186
0.264898871291899
0.2937408729876194
0.24443008303031707
0.16038959609472261
0.22874793049736236
0.25383844969673636
0.2533735946737603
0.21617573431231168
0.3168196963338138
0.2968741023086335
0.2923954742773402
0.1564312127707919
0.24990666014357021
0.11221397835584736
0.2789237376088581
0.24955293794263
0.26746960068801384
0.16022815793375256
0.24723440794621643
0.23498606146644452
0.2298029988996176
0.3448657195021867
0.32986343145066854
0.21811086168360533
0.3494583940159379
0.33600002835969783
0.3962702355258853
0.17186314879083617
0.20658180563584383
0.16942630435580788
0.2409497333303034
0.34537860520746433
0.32291249763768193
0.24704569390868436
0.2846099866242322
0.20065109556708827
0.42620672786663577
0.25499399635608244
0.23036206628513473
0.23754728157552982
0.3350435129116893
0.25969890997621237
0.24742481995124113
0.171012867579592
0.27761033159092025
0.22788567320812
0.518092216651153
0.23851721485977023
0.2276839000381588
0.21200161245989413
0.389868106422021
0.30598013306036737
0.346182033049801
0.2947230110893302
0.1785774213284636
0.2408916523994999
0.3107957741059168
0.25543469298814453
0.23384775748100822
0.1714274078887822
0.3709014372794194
0.19389008501096383
0.22508482040301644
0.25801409822630694
0.17497696638209895
0.1986616629366958
0.12035085162871245
0.3421923209936154
0.1710469855927094
0.20548115684035906
0.2597180341282699
0.33700278649739046
0.22746092974640825
0.26636107839555295
0.33427025360509416
0.37537488416774883
0.26345495278815145
0.20432871594614585
0.32941100950382285
0.23474935267329214
0.2526933676729078
0.4052534507106014
0.13103265704730238
0.30607365694267047
0.27148152529018804
0.16731593075086104
0.24607622900305176
0.10214381078843043
0.20800928499241828
0.16351853859444826
0.25375921925827355
0.19579436708144604
0.24914996889744653
0.2030667849748295
0.18562557023300474
0.1902060594990995
0.3579625685742011
0.15752695529998995
0.22629879957276747
0.3162004867279252
0.13164294931425938
0.26792445373226026
0.25775062502864765
0.26250135789436635
0.19148992662447514
0.3381302181923793
0.3852357369599122
0.3534841780462643
0.28705569917204504
0.21247111049133516
0.1580202151646371
0.15823856026409877
0.22184538569877257
0.20564857933652608
0.18394101457980538
0.24222626951324663
0.2903127787338791
0.19427293420587544
0.23343466370497534
0.36044572338030606
0.16650443332122045
0.1813500703531355
0.31088821921313425
0.38367920132053324
0.29275331730905046
0.24216194102362018
0.2666873705125411
0.39277886443016413
0.22629519140375368
0.15644305916684537
0.16229545741078283
0.27781116951366464
0.22525870433903247
0.2243684971086707
0.2498391082136355
0.19981385126654813
0.3807641079664847
0.16095962422737994
0.2073604770955346
0.32876304371992204
0.2537928133209116
0.1559896088043712
0.23672672927385713
0.339452650125872
0.16445155502478032
0.13845946315777152
0.15328638170231243
0.20199386908233818
0.29579540914533464
0.19946974452420924
0.2799174965715167
0.1837257031166488
0.14600688558616967
0.33730818245113686
0.2676433252347167
0.16066756687613115
0.18400564555113325
0.15784515396625498
0.2729436801156617
0.1994340163027075
0.2988851481956944
0.26056727242406136
0.20211236796104648
0.17933499992280544
0.19800455986990628
0.235018311667056
0.2370512444657879
0.2918937297437933
0.20310760733851496
0.2662937323754013
0.285186649251997
0.21212374479913926
0.25531365067277334
0.1798113153194237
0.28744476248236983
0.17955917565627794
0.3146008841014695
0.2017368928894174
0.3242257927358675
0.2641116546832172
0.23843943664328815
0.2752462464283686
0.24452691512984626
0.15759765863874145
0.15733610551167676
0.1615973434219406
0.27407130791628553
0.18278851388473816
0.20674354532351896
0.32737973138017856
0.28358902737232355
0.17216355035242617
0.23798767720260838
0.20211179804654567
0.2463060319032098
0.28970936423101784
0.2263242419593511
0.17633663006350317
0.2707208297921463
0.19098192266910194
0.16566278965565162
0.23529530259161105
0.2171132304353481
0.23263287988134265
0.308679784183705
0.16658748581105157
0.27589294279475574
0.29793755447554493
0.31787897500944096
0.18976287435831082
0.11367685197738876
0.20138766389092055
0.20901732271188567
0.15866360563121706
0.28642501025478195
0.2864644275840543
0.33820602882542994
0.24816872263665013
0.2756911767741284
0.3567876688544682
0.24865518973514208
0.29895181218756633
0.19047097094824977
0.29648489975827647
0.1864970211725073
0.36328037603073077
0.15434511252929514
0.2108987628552135
0.3910561729002477
0.17499367873311525
0.23876896466242686
0.23762765018603604
0.16964899869055355
0.23503091845847435
0.2352846684463531
0.2422317274479073
0.3777810211590989
0.1552336460459203
0.195831105212863
0.4372433196396402
0.33965121886568556
0.14054472472355561
0.38601281748170474
0.2848413322056997
0.31384362781934955
0.17624110854742003
0.14433693192515182
0.342027561798914
0.18237073107201493
0.3101215697414783
0.23120445781174756
0.2927517583481114
0.17205862657267657
0.19382786275710287
0.24536702184530018
0.22825962670103211
0.279539961300013
0.10966783456759092
0.19120503601050928
0.34123259469621386
0.2427120902027066
0.29663990867362355
0.22209770062441767
0.2079745302059811
0.1543442140492894
0.3015681980558672
0.16587336189413363
0.23461483283394707
0.15322231943895206
0.26040560968554083
0.17379086225858792
0.21497473882893228
0.2806294767162692
0.2840709342076887
0.19072501138708847
0.20349512549238635
0.19401592448175886
0.30410572964893823
0.21536241135985765
0.15441254963424547
0.16719712816630103
0.22689455560920518
0.3115846640748909
0.25605318397875754
0.28836108625105633
0.23435961842576078
0.20923358927288227
0.4170243724285936
0.23415823181462397
0.24375043748142708
0.17142202731769615
0.19138634984791558
0.13500988348459916
0.2301580819194454
0.19009808783737384
0.2290538618412829
0.27761178717276563
0.21280285652152947
0.27845285745994586
0.28882780595392527
0.22509837995382692
0.1740297604617184
0.17666542344589117
0.282853218295275
0.43745743478923416
0.21873652189989484
0.1742134837466016
0.1876245560871194
0.445316766536967
0.1465899711105658
0.2332668185895602
0.22029211290524423
0.22291741922728206
0.24285689472711408
0.14502012730326025
0.25137800183495906
0.2527827478128906
0.34496591592333714
0.27230677727553765
0.19545637324726098
0.14904594248298092
0.16334911946334596
0.16715999811138435
0.22350840473858807
0.15578946174252983
0.13987253699177848
0.38960459201484765
0.2744867979341816
0.4365744391724173
0.232686815599256
0.2768966843614726
0.13241594234090182
0.16951080360912255
0.2742129002047679
0.2323776895133358
0.25233715704943105
0.20597193351106657
0.13898439422876765
0.24494554244646788
0.1768667092896712
0.4167813961254591
0.1522398521017079
0.18022999240768298
0.2461709413804098
0.32791200902109824
0.2224568606022387
0.15621744741998184
0.20771317869960781
0.21142106993531887
0.22274778003610016
0.27873280504343323
0.1686737401909038
0.18867343471537676
0.20036432659261674
0.2911583146848412
0.15670435158025453
0.15556469195058922
0.22123729637000097
0.2087167532547998
0.18039038942693617
0.1904316857974404
0.2380437060355906
0.2436096166779429
0.22971478173470555
0.29462749804146576
0.23674231607913687
0.19364846353287135
0.1638808030594148
0.23409297790136013
0.19473063058302992
0.31153963031099996
0.3338788481162371
0.22024088835688452
0.4379669969759143
0.34691854317895526
0.1949537626120689
0.22820777271551168
0.21850111487432305
0.10538062067723582
0.25021007730595657
0.2739015551806439
0.12696193947185067
0.14213926242023944
0.1609116694783428
0.23562938758631774
0.1917932826278053
0.2407529415693855
0.16361641338263547
0.19544786593395855
0.33860679270979277
0.252004674904152
0.1709464373282879
0.19099767150549707
0.13472229857959783
0.2004835089932941
0.12142792973005186
0.18507426091089133
0.2016919528538506
0.26407250310110963
0.18929695772428112
0.30559442229799405
0.1172844488079533
0.20242837861767662
0.3083403507772319
0.26282465807263355
6.601971258361976e-2
0.10456923087048782
0.26495144908840784
0.1730264655921656
0.2791780381658604
0.25252808985756703
0.31852727340261133
0.2269380107298691
0.2360152120970595
0.3062731374000698
0.35120565408080195
0.26964718693528145
0.22735265001631366
0.19586954715936059
0.18348680202722253
0.36358272869720837
0.5290492520669143
0.23171235243603727
0.1233449138027255
0.22955601116940677
0.27129850014082335
0.19092095798929815
0.27414602359673945
0.17350399433133157
0.1467330822299324
0.1969733528271419
0.21053576462946957
0.22731457413388245
0.15612754368078172
0.21142413426898007
0.14712440304070554
0.1716348272092853
0.20667417210371863
0.18598024071689445
0.19979725502759213
0.22172364435080064
0.18581460649840684
0.1604173408165446
0.16600474462463904
0.187766063530694
0.3660548914667989
0.2124216614494752
0.32466426224685235
0.24817202052569182
0.19687200597043616
0.3343495403145588
0.21671854629737713
0.21127193310919296
0.1435852859692207
0.1814294849857076
0.2269852212408437
0.1791326807150471
0.24750553088690427
0.22139046898469147
0.15313891414231492
0.24986266800584095
0.189746387554645
0.2204671271434636
0.24347761421420425
0.131182038004265
0.203253754889662
0.19719732579475197
0.3245498654717258
0.42871303247959175
0.2408244300670032
0.16166616550037513
0.3376863852788361
0.3220323682184711
0.19178636595533882
0.2852269406429286
0.19955798103532071
0.24406875681830148
0.1988639195632599
0.2134713393529849
0.20432541064013454
0.17773327131277267
0.3273995341549022
0.3024092516824935
0.22968464704850164
0.21647476473920158
0.21939727996770877
0.26352561550051035
0.18777772927989705
0.17409392385564218
0.13845850727665968
0.1926521217657378
0.34416451912997476
0.16694039267707267
0.13382993736696303
0.16910675687384888
0.18962456014766643
0.35186249377122514
0.21209977772894323
0.1946019725506763
0.14566861821151625
0.24472174115071785
0.24701031821325078
0.12393364370853684
0.1377136814713188
0.22798009476501555
0.1432893703088582
0.27146227773279075
0.3049990117350815
0.23050243760689632
0.23265327338864825
0.27040930514854866
0.26544680440538654
0.13393727702382355
0.19711523622193444
0.2744955100992451
0.19356295040548663
0.23311288954706175
0.18544677081431116
0.2501399948099436
0.2249861811625088
0.24063000174067056
0.2497503776781824
0.18428401496971694
0.27725625728247577
0.31464796554675656
0.199777220978089
0.21843875863482703
0.404725584559935
0.25630358465071407
0.17331664763652316
0.18627594624529606
0.21805322829200502
0.18835467048074886
0.13036370791233748
0.2507178918306518
0.21386673424871636
0.12977167407954424
0.17275739076596444
0.10776637896567177
0.36190606902047606
0.2215027990051437
0.15846364406467492
0.18310707024860254
0.15630708412161762
0.24733868479710097
0.16510429969932608
0.24725126765538158
0.3216585239446864
0.12087676400061312
0.2173133327166158
0.19932780201557712
0.3966381399274168
0.24716115648162987
0.184064709016832
0.11322331963471952
0.2434064720398722
0.22211012482771914
8.721242941700152e-2
0.2079109105217288
0.12716551550662383
0.1547878162175319
0.24702385797612758
0.26642575498394466
0.1383821752194853
0.18152585115858635
0.25026258720206873
0.18459318913119543
0.21030165143466992
0.3062200205461134
0.213166798563359
0.17072990775886585
0.20439734067131143
0.18791710661998118
0.15102431059393948
0.2946375484269553
0.1499608559590445
0.10777171294640614
0.15837481128265016
0.2654508576367532
0.3353443874103762
0.30154748620512484
0.2110026759680126
8.217168152263249e-2
0.1815263228504166
0.39900602304514843
0.20565730495955759
0.2750972802205221
0.18582589889492165
0.19807632469405553
0.22346517312877562
0.1558908374567282
0.21299455356951585
0.3005076573358807
0.3586736579512808
0.13233289550161637
0.1774722007317918
0.25242947870227295
0.1293741353326883
0.24577337823519893
0.1680814786387147
0.27074057593853046
0.14779502673795328
9.152695551565423e-2
7.542976958117506e-2
0.16933121290812758
0.1833218243591638
0.20901025110805427
4.4252252601130776e-2
0.13972300361264423
0.3270234922893504
0.22675351355242135
0.2575853747465583
0.14141767225795981
0.21978899274487362
0.1906632160684488
0.208908707116268
0.17614924465036952
0.10702731538251564
0.14650241935370048
0.18998939908695045
0.2181762164036715
0.3824756784385166
0.1425282471205615
0.2692766915651714
0.18740564079418376
0.2268774911375656
0.2732510751944855
0.2475843205037088
0.32597972926150864
0.14693543507181203
0.33090241212143495
0.17639843055259008
0.22613477187485373
0.32374765247604065
0.22336606556078845
0.2521289865055342
0.19771846800799253
0.11965010005013242
0.18786716190536834
0.13689360988186028
0.1972936835317623
0.20882211408138993
0.2414700017502968
0.16031719179823356
0.19063628369363284
0.14660615790375442
0.2637588099879539
0.14621219840304303
0.3130752772940011
0.28090597860948835
0.26996896178183155
0.3001095556681384
0.18107279290899972
0.11609545972144986
0.2285110363168635
0.2673186807845763
0.24612790230009426
0.23449592841557237
0.1731311196643416
0.25068901784496733
0.20452240025365637
0.19838622685448576
0.14206597968151796
0.2634754317575899
0.13843108711443664
0.14673581881133477
0.1916268672152582
0.15841520494599956
0.1343632134075978
0.13995949343997738
0.1689955748735923
0.23648028914347155
0.12998467635651414
0.1523694492521413
0.1540920559189959
0.3088131925425615
0.34739761013272186
0.18837190450616695
0.2198043986929087
0.1809152363697838
0.2084934075331911
0.13144315911656398
0.16560288943316578
0.21300003043640534
0.13154583023143912
0.25829267564575237
0.18234673773123325
0.19083761063212207
0.2796683378400669
0.3244087940237465
0.261177691716576
0.11925042384376802
0.12915052746670905
0.1641033522936436
0.20012662124348135
0.2092190778267113
0.17120299874267114
0.18043325916345576
0.25049876724356024
0.19601110314918346
0.22996761758261847
0.23183843177133168
0.1556520997056184
0.18997218749997036
0.19733253015212354
0.22316316677760994
0.22919259991968854
0.19291461633795318
0.17041066243473366
0.13178471509367404
0.20286190720231814
0.16869979941434465
0.1408103246105502
0.24917901676199095
0.16300001474597514
0.1576110693553349
0.1513617358742483
0.3983917595016131
0.1847388639098773
0.16431099136959357
0.19960683746141558
0.2563980327173969
0.23950447600098432
0.20337701049603676
0.23141404593260678
0.19634607933923615
0.16503515734259383
0.24317488770707807
0.1272214644727195
0.14935641340808611
0.19482417294734217
0.14023659636213381
0.20858518812724453
0.14279038763567292
0.18663717228292284
0.19045583488040652
0.137386695135878
0.16383482034308805
0.1516497494899254
0.16239796189397296
0.24316438864287843
8.381824353156386e-2
0.12707065796088593
0.24712967488784524
0.1978037220144693
0.1336860244336822
0.14961290441122085
0.19045419210332493
0.19156415524710227
0.24606282654239997
0.12530492118743078
0.15198769576594956
0.19074660793910428
0.3096526791762298
0.16972834093158082
0.13109583342093611
0.32183647252960035
0.3444755471600544
0.1936329406892864
0.23079423286414905
0.17960194520538927
7.921791464762741e-2
0.12414088767624623
0.10160808842123
0.22039034630773596
0.13981962687288976
0.10582152596565525
0.11925256458838046
0.22467784270338276
0.13808982782115561
0.1261531441010227
0.16207433404114238
0.22960126219245805
0.17881401668759228
0.23603504771933184
0.1337380322188416
0.11902327297525096
0.16221317442416117
0.24796286930962552
0.10503367642084599
0.17292390466523544
0.13071528968232216
0.23393960549033876
0.1607158959777557
0.2027288959312752
0.1144166391381844
0.14967563906708964
0.1499843683259128
0.19159629971559478
0.25650306575331955
0.15784387389855165
9.763040315524835e-2
0.1694968113829818
0.13925830754013657
0.1902463261455175
0.18173610322298617
0.12676522923920724
0.13922647947574707
8.678290855008154e-2
0.20575977386423136
0.2621504895516036
0.17799007141114997
0.10132870258314897
0.11164487350247229
0.2257823664383223
0.19454257352599583
0.20958081335653728
0.17677845988018734
0.20569441099036836
0.26572775557876055
0.1908907976221627
0.150069629589167
8.479009033592179e-2
0.171811637824319
0.14491775664451512
0.2675218009662686
0.14496866937064018
0.1476611867772571
0.210151785707927
0.1879098612108131
0.1370181788797457
0.3305381666347121
0.13971221969086334
0.24139912230384364
0.13536565590590185
0.1526960481855364
0.1583092068664209
0.26408908276334625
0.13780147900154624
0.1232120105146951
0.17474182757934684
0.16271182476192947
0.14724476782493448
0.19084144068139478
9.645019347839216e-2
0.111675062605188
0.17024023547462674
0.1363088013536541
0.16214838505758014
0.11888956856541613
0.3922630451098972
0.1383983341194294
0.17478346396822692
0.2230468666267638
0.11979974528264266
0.32034507304546717
0.21672108577782115
0.16252332144169399
0.26537859172543377
0.16680819982843215
0.17150399717751463
0.24926220638699764
0.15791801797184546
0.17415699511356533
0.13665453601525324
0.1815087744618549
0.22619980335181458
0.16936543798397938
0.24449662070252048
0.20541528096705586
0.17050601747921734
7.253273677066066e-2
0.18815072951780898
0.15901299083559337
0.2401013926513485
0.13478629855673327
0.31063340618277224
0.1020246787727137
0.24980445270243742
0.16365621325179508
0.21735301610187543
0.15099182678190692
0.32200297739205636
9.287398310553868e-2
0.20665972691322654
0.1407798699158289
0.2534659953754297
0.14450254549525438
9.763663742008316e-2
0.1547233428862531
0.12140658421087852
0.14423378130434553
0.17359167057433608
0.1903670954812783
0.20910765426794797
0.1867049372864752
0.17785837809127295
0.20835226065537377
0.2392451349917218
0.12431274542795848
0.15476906416736777
0.20297038999533903
0.2441862889469011
0.22106838724718464
0.218168568456708
0.10405337164800216
0.17458875444911948
0.1394901979483329
0.1121466138388919
0.23834462884124158
0.23084543370147198
0.22409463071237926
0.13868716232941364
0.17327091610968468
6.7151218865299e-2
0.20349345975819066
0.14994637693945498
0.2721233583305368
0.16208111171253767
0.13154414912183768
0.126738432347102
0.16896288882733973
9.466763914434936e-2
0.2963800884205031
0.11142427908406544
0.2269558907724419
0.16076847201599334
0.1466880909400862
0.1705165115672707
0.16854924694353035
0.22110364638933222
9.880773076334856e-2
0.12033216507862945
0.14932107756894897
0.16479768754387605
0.10399512349528456
0.16480981347828
0.2606401789797515
0.10941564015917268
0.16084016072340165
0.1243826437251966
0.21542941201955923
0.19777035753361724
0.1855313875898124
0.1336657330766799
0.1399501873717074
0.12959399970368232
0.241607793874257
0.14338487524622553
0.3208856103856163
0.18198978855863346
0.23045672835598377
0.21760539674300738
0.13266395716733625
0.2463086081172311
0.12996417129059096
0.1032607639851549
0.21069429212406127
0.11308065557178958
0.33477633128397877
0.1336358816729755
0.12504723106278462
0.23394342515842056
0.1813520659578588
0.207267794130213
0.12215161366755169
8.958172763278385e-2
0.24698129905691707
0.1279215288984675
9.64451633502851e-2
0.1876277586088518
0.12101450487864401
0.13840019382831745
0.12289310189986719
0.10452616657070085
0.19156324194376922
0.18767842343396818
0.2716521306069071
0.15801346384122333
0.11848082883017298
0.1165948785975779
0.16518728455032552
0.15872968255069603
0.12680543896154595
9.962527369666951e-2
0.1811162719681561
9.316748899168908e-2
0.13560754707025213
0.11754385948458879
0.28438724328599396
0.1864422376427779
0.17523292786271794
0.33905312580804675
0.19926936449948296
0.22130328843262143
0.2432718991112722
0.19416445415301978
0.13784562149070545
0.2384201265822994
0.165601765584438
9.925062411217594e-2
0.20273271225559167
0.20762122571176686
0.13651458515540094
0.2088956565958469
0.20965201014539508
0.1748427106488089
0.12230294174986507
0.12443518184077641
0.11211320594528651
0.38818615110984384
0.18408143926575513
0.18821236745974834
0.2362178075064622
0.11532555856365011
0.21341398024001598
0.1652180091075067
0.11670325073606952
0.20011885684741867
0.19628966296072303
0.16104906451145953
0.22926188823718655
0.16280540000389188
0.12275566348042918
0.12933118500120147
8.32051488530134e-2
0.15649947032334435
0.15592605827393557
0.19084675486428293
0.10700028037120703
0.19676351029373101
0.10567030006662685
0.26303589630222374
0.16089599519652778
0.1769705833535166
7.537446206143747e-2
0.15458481967369286
0.13822714949515283
7.395114287085132e-2
0.16925923421254524
0.15771044291153802
0.10083832982579066
0.15664912478369067
0.2814398086284193
0.13019293782641694
0.12658433211128087
0.2121656877340358
0.1430264423195688
0.11451446352248298
0.18768017404863294
0.15632968861137767
0.10963544996887237
0.12112665167797232
0.16636380785156513
0.1982917303273827
0.1437075453146325
0.16342341007746694
0.17350591424565237
0.2963723821085966
0.1857782252267315
0.22038867979945817
0.17049766601308763
0.17465064784582063
0.11684932353513793
0.28480681775992195
0.22893552310467752
0.17190058017406024
0.22536038412806708
0.1671097831728201
0.19799827651161972
0.13335263519998608
0.2179056069807791
0.1267451864124122
9.506009764596733e-2
0.11206903003609915
0.15301767736664038
0.14599696690996755
0.17248384616798768
0.2961909016333129
6.942928180623664e-2
0.2578290775016957
0.2258432209227648
0.13116828178675669
0.1587535849685278
0.11298928379540335
0.17923337834189243
0.18088583503193878
9.153543536151904e-2
9.732487222938964e-2
0.1498861189014006
0.15117404420345532
0.32295732500306457
0.1556379935937373
0.1404491897004977
0.15331228703546818
0.22492015286220074
0.22017665687559446
0.13928825319199725
0.11942929782816883
0.10549682658253368
9.288158762020393e-2
0.16820457566456412
0.1947082607220315
0.11804491559333646
0.11278653498797098
0.13222751374018238
0.2593778711320274
0.14139717536099639
0.11626224051022004
0.11642311692986915
0.1787193075655697
0.27322165478857646
0.1604079521385881
0.2133742927454908
0.13607914928704495
0.1652468884662199
0.14458433464950773
0.21680096412354138
0.3568603626576254
0.1600750751910248
0.14160334910933708
0.18406452273543
0.16705464177668802
0.20704609165521806
0.20726244377529512
0.2104194928910075
0.1906554292056769
0.16171193935427755
0.20811489039470463
0.10192455266247066
0.11983052655051799
0.11285376952089644
0.14298602187199638
0.12754551991033483
0.11157824738218537
0.20548944496059446
0.12210256073103758
0.16383867177238787
0.18910323004594523
0.2565506063600466
0.19047514881474403
0.24449665379321966
0.16135513871840107
8.138446112409145e-2
0.19414303736878377
0.10519725341842058
0.14137693851451671
0.1459612954085489
0.18624689427314695
0.10683446510495412
0.11045457095089954
8.542214974701658e-2
0.19926054104510255
0.12450784652139778
0.12862451654051885
0.12577884852697094
0.13993654241708092
0.15244799041592938
0.30682709548145043
0.1089438193342064
0.12870957489322818